id,never,rarely,sometimes,frequently,always,id_county
0,0.053,0.07400000000000001,0.134,0.295,0.444,118.0
1,0.083,0.059000000000000004,0.098,0.32299999999999995,0.436,127.0
2,0.067,0.121,0.12,0.201,0.491,140.0
3,0.02,0.034,0.096,0.278,0.5720000000000001,212.0
4,0.053,0.114,0.18,0.19399999999999998,0.45899999999999996,232.0
5,0.031,0.04,0.14400000000000002,0.28600000000000003,0.5,320.0
6,0.102,0.053,0.257,0.13699999999999998,0.451,338.0
7,0.152,0.10800000000000001,0.13,0.16699999999999998,0.442,363.0
8,0.11699999999999999,0.037000000000000005,0.15,0.136,0.56,461.0
9,0.135,0.027000000000000003,0.161,0.158,0.52,493.0
10,0.06,0.07,0.057999999999999996,0.19399999999999998,0.618,512.0
11,0.049,0.038,0.126,0.21899999999999997,0.568,518.0
12,0.049,0.08800000000000001,0.16399999999999998,0.268,0.43,552.0
13,0.14800000000000002,0.158,0.195,0.16899999999999998,0.32899999999999996,558.0
14,0.151,0.125,0.138,0.217,0.368,583.0
15,0.10099999999999999,0.152,0.094,0.18600000000000003,0.466,610.0
16,0.08199999999999999,0.096,0.152,0.159,0.51,613.0
17,0.099,0.052000000000000005,0.259,0.192,0.39899999999999997,644.0
18,0.055,0.131,0.16699999999999998,0.263,0.384,656.0
19,0.187,0.128,0.129,0.201,0.35600000000000004,667.0
20,0.06,0.091,0.19899999999999998,0.233,0.41600000000000004,690.0
21,0.13,0.024,0.249,0.217,0.379,704.0
22,0.08900000000000001,0.113,0.11800000000000001,0.22,0.46,730.0
23,0.095,0.1,0.159,0.122,0.524,735.0
24,0.084,0.051,0.106,0.179,0.58,767.0
25,0.042,0.095,0.127,0.252,0.485,895.0
26,0.114,0.026000000000000002,0.188,0.285,0.387,907.0
27,0.096,0.10300000000000001,0.17800000000000002,0.122,0.501,916.0
28,0.138,0.048,0.151,0.233,0.429,942.0
29,0.065,0.071,0.223,0.156,0.484,996.0
30,0.17600000000000002,0.131,0.08900000000000001,0.158,0.445,1056.0
31,0.03,0.053,0.127,0.16699999999999998,0.623,1147.0
32,0.026000000000000002,0.061,0.084,0.191,0.639,1182.0
33,0.066,0.068,0.17,0.258,0.43799999999999994,1285.0
34,0.085,0.079,0.135,0.268,0.433,1329.0
35,0.092,0.08900000000000001,0.11,0.249,0.46,1415.0
36,0.049,0.037000000000000005,0.107,0.179,0.628,1438.0
37,0.107,0.045,0.132,0.18899999999999997,0.527,1612.0
38,0.09300000000000001,0.11900000000000001,0.141,0.179,0.469,1638.0
39,0.162,0.08,0.08800000000000001,0.251,0.419,1647.0
40,0.053,0.064,0.138,0.183,0.562,1669.0
41,0.102,0.034,0.133,0.336,0.395,1701.0
42,0.12,0.073,0.145,0.19899999999999998,0.46399999999999997,1766.0
43,0.008,0.033,0.24100000000000002,0.172,0.545,1788.0
44,0.062,0.05,0.12300000000000001,0.177,0.589,1806.0
45,0.033,0.151,0.11800000000000001,0.18600000000000003,0.512,1828.0
46,0.129,0.064,0.24600000000000002,0.207,0.353,1843.0
47,0.075,0.064,0.129,0.253,0.479,1857.0
48,0.077,0.07,0.102,0.244,0.506,1992.0
49,0.11199999999999999,0.040999999999999995,0.182,0.28800000000000003,0.37799999999999995,2007.0
50,0.055999999999999994,0.095,0.12300000000000001,0.212,0.513,2024.0
51,0.078,0.077,0.08199999999999999,0.304,0.45899999999999996,2057.0
52,0.025,0.084,0.087,0.187,0.618,2290.0
53,0.031,0.06,0.16899999999999998,0.157,0.584,2306.0
54,0.06,0.131,0.145,0.33299999999999996,0.33,2317.0
55,0.158,0.226,0.105,0.14400000000000002,0.368,2436.0
56,0.069,0.067,0.08,0.213,0.57,2531.0
57,0.027000000000000003,0.134,0.14400000000000002,0.2,0.495,2715.0
58,0.022000000000000002,0.075,0.11800000000000001,0.24,0.545,2653.0
59,0.055,0.068,0.11800000000000001,0.19699999999999998,0.562,2797.0
60,0.113,0.15,0.20800000000000002,0.16899999999999998,0.361,2820.0
61,0.067,0.095,0.136,0.29600000000000004,0.406,2822.0
62,0.040999999999999995,0.036000000000000004,0.14400000000000002,0.247,0.532,2909.0
63,0.09,0.081,0.145,0.256,0.429,3043.0
64,0.018000000000000002,0.077,0.102,0.307,0.495,3089.0
65,0.061,0.098,0.19899999999999998,0.187,0.455,3180.0
66,0.13,0.046,0.32799999999999996,0.183,0.312,3212.0
67,0.067,0.032,0.034,0.316,0.551,37.0
68,0.078,0.031,0.03,0.337,0.524,38.0
69,0.042,0.05,0.049,0.196,0.6629999999999999,64.0
70,0.10099999999999999,0.022000000000000002,0.013999999999999999,0.45,0.413,210.0
71,0.048,0.037000000000000005,0.042,0.308,0.564,
72,0.062,0.081,0.067,0.225,0.565,790.0
73,0.07200000000000001,0.025,0.027000000000000003,0.391,0.484,808.0
74,0.094,0.084,0.175,0.23399999999999999,0.413,920.0
75,0.055,0.05,0.12300000000000001,0.419,0.35200000000000004,1180.0
76,0.051,0.064,0.13,0.39899999999999997,0.35600000000000004,
77,0.051,0.067,0.133,0.396,0.353,1498.0
78,0.043,0.047,0.051,0.19699999999999998,0.662,1518.0
79,0.025,0.149,0.174,0.256,0.396,1534.0
80,0.042,0.043,0.049,0.233,0.633,1571.0
81,0.10300000000000001,0.022000000000000002,0.006999999999999999,0.521,0.34700000000000003,1576.0
82,0.055,0.036000000000000004,0.04,0.299,0.5710000000000001,
83,0.042,0.051,0.048,0.198,0.66,1882.0
84,0.086,0.061,0.009000000000000001,0.544,0.3,2138.0
85,0.036000000000000004,0.059000000000000004,0.235,0.215,0.455,2142.0
86,0.035,0.188,0.051,0.474,0.252,2148.0
87,0.042,0.095,0.14800000000000002,0.349,0.365,2293.0
88,0.033,0.125,0.161,0.3,0.38,2399.0
89,0.048,0.077,0.13699999999999998,0.381,0.35700000000000004,2682.0
90,0.057999999999999996,0.038,0.11599999999999999,0.435,0.354,2684.0
91,0.064,0.071,0.14,0.272,0.45299999999999996,2703.0
92,0.04,0.049,0.052000000000000005,0.19699999999999998,0.6629999999999999,3000.0
93,0.035,0.11900000000000001,0.16,0.312,0.374,3233.0
94,0.047,0.012,0.078,0.381,0.48100000000000004,
95,0.044000000000000004,0.047,0.126,0.425,0.358,3267.0
96,0.055,0.063,0.031,0.15,0.701,79.0
97,0.053,0.025,0.147,0.19399999999999998,0.581,603.0
98,0.039,0.08,0.07,0.11,0.7020000000000001,606.0
99,0.073,0.013999999999999999,0.03,0.336,0.547,1062.0
100,0.095,0.067,0.237,0.049,0.5529999999999999,1096.0
101,0.111,0.08900000000000001,0.16699999999999998,0.08900000000000001,0.544,1149.0
102,0.031,0.064,0.162,0.17300000000000001,0.57,1578.0
103,0.023,0.025,0.059000000000000004,0.158,0.7340000000000001,1830.0
104,0.051,0.096,0.10400000000000001,0.16399999999999998,0.585,1996.0
105,0.091,0.10800000000000001,0.059000000000000004,0.139,0.602,2097.0
106,0.023,0.024,0.073,0.121,0.759,2325.0
107,0.033,0.055,0.096,0.14800000000000002,0.667,2326.0
108,0.027999999999999997,0.002,0.057999999999999996,0.07400000000000001,0.8370000000000001,2588.0
109,0.031,0.073,0.081,0.17600000000000002,0.639,3253.0
110,0.008,0.013000000000000001,0.046,0.129,0.804,3269.0
111,0.019,0.073,0.134,0.21600000000000003,0.557,89.0
112,0.023,0.10300000000000001,0.163,0.11699999999999999,0.595,100.0
113,0.15,0.10400000000000001,0.10800000000000001,0.10400000000000001,0.534,159.0
114,0.081,0.034,0.083,0.16,0.643,193.0
115,0.129,0.145,0.122,0.18899999999999997,0.41600000000000004,244.0
116,0.094,0.102,0.175,0.184,0.445,269.0
117,0.145,0.132,0.10800000000000001,0.21100000000000002,0.40399999999999997,365.0
118,0.111,0.068,0.115,0.129,0.5770000000000001,410.0
119,0.10400000000000001,0.07400000000000001,0.193,0.09699999999999999,0.531,510.0
120,0.08,0.091,0.08,0.231,0.518,544.0
121,0.08199999999999999,0.124,0.157,0.242,0.395,570.0
122,0.036000000000000004,0.065,0.09300000000000001,0.259,0.546,582.0
123,0.107,0.03,0.16,0.231,0.47200000000000003,585.0
124,0.24100000000000002,0.07200000000000001,0.054000000000000006,0.25,0.38299999999999995,633.0
125,0.071,0.12,0.13699999999999998,0.34700000000000003,0.325,648.0
126,0.078,0.12300000000000001,0.138,0.341,0.32,675.0
127,0.155,0.1,0.16699999999999998,0.21100000000000002,0.36700000000000005,681.0
128,0.059000000000000004,0.017,0.11,0.306,0.508,692.0
129,0.09699999999999999,0.017,0.163,0.319,0.40399999999999997,699.0
130,0.19699999999999998,0.055,0.09300000000000001,0.196,0.45899999999999996,732.0
131,0.078,0.033,0.19,0.18899999999999997,0.509,796.0
132,0.063,0.049,0.207,0.159,0.523,843.0
133,0.066,0.027000000000000003,0.077,0.40299999999999997,0.426,935.0
134,0.149,0.079,0.245,0.187,0.34,1000.0
135,0.105,0.121,0.226,0.19699999999999998,0.35100000000000003,1024.0
136,0.025,0.102,0.068,0.21,0.596,1043.0
137,0.08199999999999999,0.043,0.127,0.258,0.489,1109.0
138,0.062,0.141,0.154,0.34600000000000003,0.297,1148.0
139,0.098,0.073,0.096,0.179,0.5539999999999999,1268.0
140,0.059000000000000004,0.086,0.079,0.21600000000000003,0.56,1326.0
141,0.081,0.07,0.145,0.145,0.56,1340.0
142,0.13699999999999998,0.156,0.08800000000000001,0.179,0.44,1369.0
143,0.086,0.121,0.133,0.23,0.43,1394.0
144,0.11599999999999999,0.10300000000000001,0.135,0.179,0.46799999999999997,1403.0
145,0.042,0.036000000000000004,0.172,0.17300000000000001,0.5770000000000001,1457.0
146,0.14400000000000002,0.10300000000000001,0.205,0.221,0.32799999999999996,1481.0
147,0.12,0.08199999999999999,0.078,0.23399999999999999,0.486,1593.0
148,0.085,0.128,0.153,0.298,0.337,1648.0
149,0.10300000000000001,0.032,0.195,0.263,0.40700000000000003,1665.0
150,0.035,0.016,0.19399999999999998,0.201,0.5539999999999999,1714.0
151,0.07400000000000001,0.121,0.106,0.201,0.499,1732.0
152,0.14800000000000002,0.11,0.12,0.14300000000000002,0.479,1741.0
153,0.048,0.045,0.136,0.297,0.474,1753.0
154,0.075,0.08800000000000001,0.159,0.114,0.564,1797.0
155,0.171,0.11199999999999999,0.11900000000000001,0.10800000000000001,0.49,1840.0
156,0.064,0.124,0.106,0.21899999999999997,0.48700000000000004,1971.0
157,0.033,0.109,0.134,0.284,0.44,1984.0
158,0.068,0.128,0.127,0.271,0.406,2006.0
159,0.081,0.095,0.136,0.166,0.521,2029.0
160,0.14300000000000002,0.048,0.084,0.22399999999999998,0.501,2108.0
161,0.107,0.14,0.084,0.261,0.408,2122.0
162,0.151,0.09699999999999999,0.06,0.242,0.449,2224.0
163,0.098,0.051,0.08,0.36700000000000005,0.40399999999999997,2284.0
164,0.052000000000000005,0.061,0.134,0.276,0.47700000000000004,2300.0
165,0.064,0.061,0.2,0.17600000000000002,0.501,2322.0
166,0.077,0.098,0.141,0.287,0.397,2347.0
167,0.18,0.08,0.217,0.076,0.446,2360.0
168,0.08199999999999999,0.151,0.18100000000000002,0.285,0.302,2367.0
169,0.062,0.17,0.10300000000000001,0.273,0.391,2386.0
170,0.027999999999999997,0.027000000000000003,0.126,0.175,0.644,2408.0
171,0.051,0.145,0.203,0.289,0.311,2434.0
172,0.087,0.006999999999999999,0.289,0.267,0.35,2720.0
173,0.066,0.044000000000000004,0.154,0.212,0.524,2551.0
174,0.155,0.14,0.124,0.12300000000000001,0.45799999999999996,2618.0
175,0.1,0.08800000000000001,0.125,0.149,0.5379999999999999,2626.0
176,0.121,0.142,0.157,0.20800000000000002,0.37200000000000005,2627.0
177,0.12,0.09300000000000001,0.155,0.165,0.467,2638.0
178,0.067,0.158,0.22,0.222,0.33299999999999996,2645.0
179,0.067,0.092,0.11,0.23399999999999999,0.498,2774.0
180,0.11599999999999999,0.179,0.098,0.262,0.344,2928.0
181,0.033,0.06,0.096,0.272,0.539,3007.0
182,0.034,0.027999999999999997,0.10099999999999999,0.18600000000000003,0.6509999999999999,3078.0
183,0.026000000000000002,0.054000000000000006,0.152,0.27699999999999997,0.491,3165.0
184,0.059000000000000004,0.048,0.20800000000000002,0.231,0.45399999999999996,3224.0
185,0.11599999999999999,0.1,0.11199999999999999,0.198,0.474,3255.0
186,0.019,0.008,0.055,0.12300000000000001,0.795,30.0
187,0.025,0.085,0.08800000000000001,0.19,0.612,58.0
188,0.045,0.013000000000000001,0.099,0.188,0.655,59.0
189,0.015,0.043,0.111,0.204,0.626,342.0
190,0.045,0.019,0.098,0.276,0.562,351.0
191,0.027000000000000003,0.031,0.092,0.151,0.7,636.0
192,0.018000000000000002,0.016,0.039,0.121,0.8059999999999999,646.0
193,0.01,0.135,0.11199999999999999,0.196,0.547,780.0
194,0.027999999999999997,0.042,0.07200000000000001,0.183,0.675,881.0
195,0.021,0.022000000000000002,0.059000000000000004,0.156,0.741,1015.0
196,0.027999999999999997,0.026000000000000002,0.146,0.20600000000000002,0.594,1076.0
197,0.042,0.006,0.018000000000000002,0.069,0.865,1349.0
198,0.001,0.005,0.03,0.128,0.836,1368.0
199,0.033,0.011000000000000001,0.008,0.057999999999999996,0.889,1373.0
200,0.022000000000000002,0.027999999999999997,0.105,0.177,0.6679999999999999,1531.0
201,0.075,0.016,0.049,0.094,0.7659999999999999,1548.0
202,0.003,0.004,0.006999999999999999,0.136,0.8490000000000001,1600.0
203,0.064,0.068,0.162,0.225,0.48200000000000004,1635.0
204,0.021,0.013000000000000001,0.049,0.131,0.7859999999999999,1756.0
205,0.019,0.059000000000000004,0.048,0.124,0.7509999999999999,1794.0
206,0.011000000000000001,0.0,0.046,0.141,0.802,1832.0
207,0.01,0.094,0.049,0.18600000000000003,0.6609999999999999,1851.0
208,0.002,0.003,0.004,0.222,0.77,1937.0
209,0.026000000000000002,0.036000000000000004,0.08900000000000001,0.146,0.703,1941.0
210,0.068,0.019,0.095,0.204,0.615,1994.0
211,0.011000000000000001,0.026000000000000002,0.012,0.07,0.88,1999.0
212,0.023,0.006,0.066,0.141,0.763,2021.0
213,0.017,0.026000000000000002,0.033,0.149,0.773,2090.0
214,0.003,0.054000000000000006,0.084,0.177,0.682,2107.0
215,0.023,0.021,0.046,0.156,0.754,2192.0
216,0.012,0.023,0.07200000000000001,0.201,0.693,2336.0
217,0.063,0.067,0.053,0.146,0.6709999999999999,2342.0
218,0.026000000000000002,0.013999999999999999,0.040999999999999995,0.11599999999999999,0.8029999999999999,2490.0
219,0.025,0.027999999999999997,0.062,0.16399999999999998,0.722,2542.0
220,0.018000000000000002,0.004,0.063,0.175,0.7390000000000001,2559.0
221,0.027000000000000003,0.022000000000000002,0.048,0.134,0.768,2560.0
222,0.017,0.023,0.034,0.126,0.8,2561.0
223,0.017,0.011000000000000001,0.035,0.121,0.8170000000000001,2562.0
224,0.054000000000000006,0.019,0.081,0.165,0.68,2565.0
225,0.025,0.024,0.037000000000000005,0.16899999999999998,0.745,2572.0
226,0.016,0.013000000000000001,0.057999999999999996,0.126,0.7859999999999999,2573.0
227,0.015,0.02,0.075,0.153,0.737,2586.0
228,0.015,0.013999999999999999,0.04,0.168,0.764,2587.0
229,0.008,0.0,0.086,0.109,0.797,2589.0
230,0.095,0.055999999999999994,0.071,0.23199999999999998,0.547,2646.0
231,0.14,0.053,0.047,0.14300000000000002,0.617,2674.0
232,0.132,0.07400000000000001,0.08199999999999999,0.16699999999999998,0.546,2681.0
233,0.043,0.046,0.035,0.14800000000000002,0.728,2695.0
234,0.022000000000000002,0.012,0.022000000000000002,0.149,0.795,2701.0
235,0.032,0.027999999999999997,0.062,0.17300000000000001,0.705,2742.0
236,0.057999999999999996,0.031,0.08,0.163,0.669,2808.0
237,0.057,0.062,0.141,0.195,0.545,2839.0
238,0.081,0.07,0.055,0.201,0.5920000000000001,2896.0
239,0.025,0.039,0.115,0.136,0.685,2903.0
240,0.008,0.043,0.084,0.212,0.653,2906.0
241,0.024,0.011000000000000001,0.033,0.156,0.777,3016.0
242,0.006999999999999999,0.005,0.04,0.156,0.7909999999999999,3259.0
243,0.057,0.035,0.071,0.16699999999999998,0.669,3266.0
244,0.032,0.027000000000000003,0.071,0.185,0.685,12.0
245,0.052000000000000005,0.133,0.094,0.228,0.493,31.0
246,0.013000000000000001,0.026000000000000002,0.065,0.193,0.703,84.0
247,0.040999999999999995,0.040999999999999995,0.155,0.276,0.488,86.0
248,0.113,0.053,0.19399999999999998,0.20600000000000002,0.435,121.0
249,0.033,0.036000000000000004,0.172,0.191,0.5670000000000001,190.0
250,0.008,0.015,0.032,0.195,0.75,255.0
251,0.018000000000000002,0.005,0.042,0.201,0.7340000000000001,292.0
252,0.038,0.045,0.134,0.138,0.645,460.0
253,0.016,0.187,0.106,0.39799999999999996,0.292,505.0
254,0.002,0.015,0.138,0.12300000000000001,0.723,578.0
255,0.06,0.106,0.09300000000000001,0.195,0.545,645.0
256,0.034,0.07200000000000001,0.076,0.175,0.644,663.0
257,0.002,0.034,0.08,0.294,0.59,701.0
258,0.017,0.098,0.153,0.23399999999999999,0.498,722.0
259,0.087,0.094,0.07400000000000001,0.295,0.45,788.0
260,0.02,0.018000000000000002,0.062,0.19399999999999998,0.7070000000000001,793.0
261,0.052000000000000005,0.039,0.066,0.252,0.591,821.0
262,0.013000000000000001,0.040999999999999995,0.081,0.192,0.6729999999999999,837.0
263,0.008,0.003,0.033,0.26899999999999996,0.687,859.0
264,0.016,0.044000000000000004,0.19,0.24600000000000002,0.505,884.0
265,0.031,0.08900000000000001,0.081,0.196,0.603,882.0
266,0.006,0.069,0.062,0.2,0.6629999999999999,1014.0
267,0.065,0.04,0.037000000000000005,0.326,0.532,1039.0
268,0.001,0.027000000000000003,0.017,0.17,0.785,1070.0
269,0.006,0.002,0.05,0.187,0.754,1100.0
270,0.057,0.039,0.043,0.281,0.581,1174.0
271,0.043,0.05,0.11699999999999999,0.271,0.519,1306.0
272,0.027999999999999997,0.051,0.051,0.275,0.595,1345.0
273,0.021,0.027000000000000003,0.09,0.342,0.52,1401.0
274,0.027999999999999997,0.031,0.075,0.19399999999999998,0.6729999999999999,1436.0
275,0.027999999999999997,0.051,0.159,0.27,0.49200000000000005,1551.0
276,0.024,0.32299999999999995,0.11900000000000001,0.344,0.19,1554.0
277,0.002,0.016,0.036000000000000004,0.193,0.753,1605.0
278,0.043,0.02,0.122,0.27399999999999997,0.541,1579.0
279,0.013000000000000001,0.037000000000000005,0.06,0.231,0.659,1630.0
280,0.052000000000000005,0.03,0.10099999999999999,0.17,0.648,1632.0
281,0.013000000000000001,0.068,0.196,0.40299999999999997,0.321,1707.0
282,0.078,0.20199999999999999,0.10099999999999999,0.368,0.251,1748.0
283,0.075,0.105,0.098,0.222,0.499,1953.0
284,0.049,0.07200000000000001,0.138,0.264,0.478,1979.0
285,0.040999999999999995,0.142,0.162,0.284,0.371,1995.0
286,0.057,0.019,0.081,0.257,0.586,2022.0
287,0.085,0.092,0.07400000000000001,0.314,0.436,2043.0
288,0.083,0.161,0.11599999999999999,0.245,0.396,2060.0
289,0.004,0.047,0.102,0.19399999999999998,0.653,2214.0
290,0.06,0.08,0.069,0.295,0.495,2226.0
291,0.021,0.018000000000000002,0.10300000000000001,0.13699999999999998,0.722,2247.0
292,0.05,0.19,0.13699999999999998,0.255,0.368,2302.0
293,0.019,0.013999999999999999,0.016,0.318,0.633,2331.0
294,0.079,0.046,0.205,0.201,0.469,2401.0
295,0.018000000000000002,0.044000000000000004,0.07400000000000001,0.28,0.584,2402.0
296,0.111,0.092,0.07400000000000001,0.265,0.45799999999999996,2484.0
297,0.061,0.14400000000000002,0.11,0.242,0.444,2485.0
298,0.008,0.036000000000000004,0.092,0.375,0.489,2523.0
299,0.065,0.122,0.138,0.23199999999999998,0.44299999999999995,2545.0
300,0.032,0.038,0.09699999999999999,0.27,0.563,2570.0
301,0.043,0.057999999999999996,0.07400000000000001,0.26,0.565,2575.0
302,0.065,0.162,0.138,0.267,0.368,2628.0
303,0.0,0.001,0.064,0.151,0.784,2792.0
304,0.105,0.087,0.066,0.145,0.597,2841.0
305,0.077,0.20800000000000002,0.10099999999999999,0.303,0.31,3108.0
306,0.046,0.038,0.135,0.231,0.55,3145.0
307,0.038,0.284,0.133,0.255,0.29,3268.0
308,0.027000000000000003,0.019,0.06,0.114,0.78,923.0
309,0.015,0.023,0.065,0.13,0.767,1253.0
310,0.017,0.051,0.021,0.098,0.812,1731.0
311,0.003,0.006999999999999999,0.055,0.128,0.807,1962.0
312,0.023,0.013999999999999999,0.053,0.115,0.795,2111.0
313,0.025,0.021,0.066,0.142,0.747,2113.0
314,0.008,0.008,0.027000000000000003,0.147,0.81,2876.0
315,0.022000000000000002,0.040999999999999995,0.08199999999999999,0.13699999999999998,0.718,3202.0
316,0.026000000000000002,0.006,0.106,0.051,0.8109999999999999,1528.0
317,0.027000000000000003,0.013000000000000001,0.040999999999999995,0.133,0.7859999999999999,2109.0
318,0.005,0.001,0.035,0.10300000000000001,0.856,2806.0
319,0.012,0.013000000000000001,0.069,0.16399999999999998,0.743,812.0
320,0.001,0.024,0.053,0.17,0.7509999999999999,28.0
321,0.087,0.076,0.18,0.215,0.442,126.0
322,0.065,0.109,0.076,0.20199999999999999,0.5479999999999999,160.0
323,0.106,0.168,0.172,0.17300000000000001,0.381,267.0
324,0.068,0.073,0.096,0.157,0.607,279.0
325,0.026000000000000002,0.023,0.043,0.11699999999999999,0.7909999999999999,293.0
326,0.034,0.055,0.138,0.267,0.507,368.0
327,0.051,0.049,0.10099999999999999,0.158,0.64,472.0
328,0.09,0.036000000000000004,0.087,0.17800000000000002,0.609,531.0
329,0.055,0.067,0.15,0.209,0.52,561.0
330,0.04,0.023,0.067,0.212,0.6579999999999999,620.0
331,0.047,0.026000000000000002,0.28800000000000003,0.254,0.385,629.0
332,0.023,0.064,0.055999999999999994,0.142,0.715,769.0
333,0.071,0.095,0.11900000000000001,0.318,0.397,814.0
334,0.049,0.042,0.086,0.19399999999999998,0.629,857.0
335,0.019,0.052000000000000005,0.095,0.31,0.524,908.0
336,0.079,0.05,0.113,0.157,0.602,955.0
337,0.022000000000000002,0.10099999999999999,0.237,0.228,0.41200000000000003,981.0
338,0.06,0.033,0.10400000000000001,0.22699999999999998,0.575,1027.0
339,0.016,0.151,0.069,0.324,0.44,1063.0
340,0.047,0.08199999999999999,0.098,0.096,0.677,1072.0
341,0.046,0.125,0.12,0.249,0.46,1173.0
342,0.10099999999999999,0.071,0.235,0.22699999999999998,0.365,1193.0
343,0.114,0.040999999999999995,0.179,0.18600000000000003,0.48,1220.0
344,0.046,0.042,0.11199999999999999,0.15,0.65,1275.0
345,0.09,0.04,0.091,0.19,0.589,1289.0
346,0.025,0.055999999999999994,0.145,0.138,0.635,1299.0
347,0.023,0.031,0.069,0.155,0.722,1302.0
348,0.17,0.077,0.081,0.111,0.562,1314.0
349,0.054000000000000006,0.065,0.08199999999999999,0.193,0.607,1370.0
350,0.064,0.10800000000000001,0.129,0.174,0.526,1404.0
351,0.019,0.017,0.099,0.183,0.682,1450.0
352,0.102,0.081,0.22,0.20800000000000002,0.389,1590.0
353,0.047,0.062,0.07400000000000001,0.185,0.632,1599.0
354,0.052000000000000005,0.05,0.073,0.17600000000000002,0.648,1671.0
355,0.051,0.022000000000000002,0.071,0.156,0.7,1681.0
356,0.017,0.132,0.07200000000000001,0.187,0.5920000000000001,1684.0
357,0.022000000000000002,0.023,0.205,0.268,0.48200000000000004,1696.0
358,0.16399999999999998,0.085,0.14800000000000002,0.264,0.34,1811.0
359,0.07400000000000001,0.037000000000000005,0.062,0.201,0.626,1823.0
360,0.046,0.087,0.121,0.203,0.5429999999999999,1849.0
361,0.027000000000000003,0.018000000000000002,0.066,0.16899999999999998,0.7190000000000001,1870.0
362,0.032,0.023,0.06,0.128,0.7559999999999999,1958.0
363,0.006999999999999999,0.001,0.013999999999999999,0.159,0.8190000000000001,2010.0
364,0.09,0.07,0.147,0.223,0.47,2094.0
365,0.091,0.083,0.147,0.21,0.469,2173.0
366,0.016,0.034,0.064,0.171,0.715,2175.0
367,0.02,0.02,0.07200000000000001,0.16399999999999998,0.7240000000000001,2195.0
368,0.025,0.022000000000000002,0.057999999999999996,0.17600000000000002,0.72,2211.0
369,0.03,0.02,0.05,0.11599999999999999,0.784,2239.0
370,0.027000000000000003,0.028999999999999998,0.055,0.179,0.7090000000000001,2251.0
371,0.025,0.019,0.07400000000000001,0.133,0.75,2328.0
372,0.05,0.063,0.085,0.172,0.63,2352.0
373,0.068,0.05,0.114,0.18600000000000003,0.581,2412.0
374,0.047,0.071,0.09699999999999999,0.223,0.561,2726.0
375,0.077,0.022000000000000002,0.08,0.17300000000000001,0.648,2734.0
376,0.047,0.068,0.166,0.265,0.45299999999999996,2592.0
377,0.017,0.031,0.073,0.175,0.7040000000000001,2593.0
378,0.037000000000000005,0.039,0.066,0.141,0.7170000000000001,2631.0
379,0.037000000000000005,0.036000000000000004,0.064,0.235,0.628,2800.0
380,0.105,0.055,0.244,0.22699999999999998,0.369,2810.0
381,0.10300000000000001,0.086,0.19,0.145,0.47600000000000003,2832.0
382,0.044000000000000004,0.04,0.17600000000000002,0.267,0.473,2930.0
383,0.035,0.066,0.08900000000000001,0.192,0.618,3030.0
384,0.032,0.092,0.172,0.275,0.429,3039.0
385,0.092,0.06,0.092,0.244,0.512,3051.0
386,0.138,0.085,0.062,0.158,0.557,3103.0
387,0.085,0.11699999999999999,0.23,0.152,0.41600000000000004,81.0
388,0.059000000000000004,0.1,0.179,0.217,0.445,108.0
389,0.071,0.132,0.187,0.188,0.42100000000000004,122.0
390,0.027000000000000003,0.048,0.054000000000000006,0.127,0.743,125.0
391,0.02,0.08900000000000001,0.107,0.29,0.494,128.0
392,0.136,0.10300000000000001,0.125,0.23800000000000002,0.39899999999999997,134.0
393,0.063,0.086,0.092,0.19,0.568,148.0
394,0.215,0.05,0.12300000000000001,0.14300000000000002,0.47,154.0
395,0.129,0.078,0.109,0.20199999999999999,0.483,185.0
396,0.073,0.098,0.156,0.214,0.46,207.0
397,0.043,0.094,0.17600000000000002,0.201,0.48700000000000004,213.0
398,0.08900000000000001,0.031,0.11699999999999999,0.256,0.508,230.0
399,0.047,0.129,0.15,0.16399999999999998,0.51,272.0
400,0.092,0.165,0.124,0.235,0.385,289.0
401,0.033,0.039,0.095,0.23800000000000002,0.595,306.0
402,0.053,0.049,0.163,0.31,0.424,319.0
403,0.105,0.109,0.087,0.20800000000000002,0.49200000000000005,325.0
404,0.125,0.037000000000000005,0.14400000000000002,0.163,0.53,343.0
405,0.013000000000000001,0.035,0.043,0.172,0.737,367.0
406,0.136,0.125,0.17,0.113,0.456,377.0
407,0.037000000000000005,0.045,0.177,0.264,0.47700000000000004,392.0
408,0.08900000000000001,0.133,0.154,0.168,0.457,420.0
409,0.14300000000000002,0.152,0.114,0.217,0.375,447.0
410,0.065,0.094,0.15,0.196,0.495,474.0
411,0.035,0.04,0.14400000000000002,0.158,0.624,478.0
412,0.061,0.07200000000000001,0.10800000000000001,0.214,0.545,479.0
413,0.11599999999999999,0.102,0.187,0.14300000000000002,0.451,480.0
414,0.049,0.054000000000000006,0.1,0.213,0.584,495.0
415,0.054000000000000006,0.057,0.06,0.226,0.603,553.0
416,0.027999999999999997,0.066,0.12,0.223,0.562,571.0
417,0.038,0.054000000000000006,0.125,0.159,0.624,576.0
418,0.06,0.057999999999999996,0.134,0.168,0.58,588.0
419,0.039,0.049,0.11599999999999999,0.225,0.5720000000000001,602.0
420,0.085,0.124,0.16399999999999998,0.222,0.40399999999999997,608.0
421,0.10800000000000001,0.191,0.07400000000000001,0.233,0.39399999999999996,625.0
422,0.061,0.064,0.095,0.23399999999999999,0.547,627.0
423,0.098,0.134,0.12300000000000001,0.203,0.441,650.0
424,0.105,0.053,0.183,0.204,0.455,670.0
425,0.057,0.051,0.231,0.192,0.46799999999999997,687.0
426,0.11900000000000001,0.023,0.06,0.163,0.635,691.0
427,0.128,0.222,0.13,0.249,0.27,725.0
428,0.049,0.09,0.128,0.162,0.5710000000000001,756.0
429,0.09300000000000001,0.04,0.171,0.18,0.516,777.0
430,0.036000000000000004,0.027999999999999997,0.075,0.156,0.7040000000000001,765.0
431,0.145,0.025,0.15,0.23600000000000002,0.44299999999999995,820.0
432,0.077,0.034,0.057999999999999996,0.204,0.627,824.0
433,0.033,0.037000000000000005,0.045,0.159,0.726,829.0
434,0.083,0.037000000000000005,0.09,0.198,0.591,830.0
435,0.045,0.062,0.156,0.253,0.485,860.0
436,0.09699999999999999,0.073,0.182,0.20199999999999999,0.446,867.0
437,0.044000000000000004,0.064,0.145,0.272,0.475,880.0
438,0.132,0.177,0.081,0.107,0.503,885.0
439,0.062,0.044000000000000004,0.142,0.252,0.5,897.0
440,0.03,0.078,0.22899999999999998,0.29,0.37200000000000005,919.0
441,0.075,0.08800000000000001,0.125,0.11199999999999999,0.6,932.0
442,0.06,0.086,0.131,0.218,0.505,937.0
443,0.18600000000000003,0.036000000000000004,0.23399999999999999,0.14800000000000002,0.395,964.0
444,0.035,0.048,0.083,0.193,0.6409999999999999,975.0
445,0.168,0.07400000000000001,0.11699999999999999,0.215,0.425,993.0
446,0.026000000000000002,0.036000000000000004,0.08900000000000001,0.187,0.662,1025.0
447,0.128,0.042,0.087,0.198,0.545,1068.0
448,0.156,0.066,0.107,0.13,0.541,1074.0
449,0.048,0.071,0.145,0.251,0.485,1079.0
450,0.172,0.1,0.201,0.157,0.369,1088.0
451,0.063,0.139,0.11599999999999999,0.264,0.41700000000000004,1093.0
452,0.062,0.046,0.057,0.17600000000000002,0.6579999999999999,1138.0
453,0.036000000000000004,0.054000000000000006,0.081,0.19,0.639,1177.0
454,0.063,0.1,0.11599999999999999,0.292,0.43,1179.0
455,0.061,0.069,0.128,0.198,0.545,1186.0
456,0.043,0.111,0.102,0.168,0.575,1211.0
457,0.184,0.12300000000000001,0.165,0.184,0.345,1219.0
458,0.09300000000000001,0.081,0.061,0.213,0.551,1240.0
459,0.092,0.061,0.14,0.207,0.5,1251.0
460,0.126,0.094,0.166,0.14400000000000002,0.47100000000000003,1266.0
461,0.10300000000000001,0.048,0.091,0.18100000000000002,0.578,1281.0
462,0.032,0.079,0.136,0.172,0.581,1333.0
463,0.098,0.091,0.126,0.22399999999999998,0.46,1385.0
464,0.125,0.085,0.11699999999999999,0.24,0.434,1412.0
465,0.08199999999999999,0.059000000000000004,0.18100000000000002,0.11800000000000001,0.56,1421.0
466,0.124,0.138,0.165,0.183,0.39,1431.0
467,0.251,0.055,0.099,0.102,0.493,1451.0
468,0.114,0.053,0.084,0.261,0.488,1461.0
469,0.11900000000000001,0.053,0.109,0.251,0.46799999999999997,1479.0
470,0.049,0.087,0.226,0.209,0.43,1486.0
471,0.07,0.06,0.171,0.293,0.406,1614.0
472,0.102,0.07,0.145,0.18100000000000002,0.502,1626.0
473,0.122,0.055999999999999994,0.141,0.29100000000000004,0.391,1642.0
474,0.035,0.033,0.039,0.162,0.732,1662.0
475,0.006999999999999999,0.099,0.066,0.215,0.614,1695.0
476,0.073,0.10400000000000001,0.111,0.233,0.479,1715.0
477,0.013999999999999999,0.11900000000000001,0.086,0.159,0.621,1752.0
478,0.10800000000000001,0.10099999999999999,0.149,0.20800000000000002,0.435,1765.0
479,0.035,0.086,0.13,0.245,0.504,1771.0
480,0.07200000000000001,0.053,0.12300000000000001,0.265,0.488,1902.0
481,0.034,0.076,0.188,0.221,0.48100000000000004,1907.0
482,0.078,0.049,0.113,0.21,0.55,1789.0
483,0.165,0.084,0.055,0.18600000000000003,0.511,1813.0
484,0.084,0.12,0.16699999999999998,0.196,0.433,1846.0
485,0.109,0.086,0.138,0.15,0.517,1950.0
486,0.064,0.055999999999999994,0.182,0.159,0.539,1969.0
487,0.044000000000000004,0.11199999999999999,0.055,0.159,0.63,1987.0
488,0.07200000000000001,0.035,0.184,0.253,0.455,2015.0
489,0.114,0.083,0.174,0.228,0.401,2033.0
490,0.061,0.064,0.09300000000000001,0.168,0.614,2053.0
491,0.193,0.03,0.182,0.177,0.41700000000000004,2079.0
492,0.063,0.073,0.083,0.225,0.555,2081.0
493,0.094,0.076,0.12300000000000001,0.207,0.5,2125.0
494,0.049,0.063,0.095,0.18100000000000002,0.611,2164.0
495,0.055999999999999994,0.08199999999999999,0.054000000000000006,0.18100000000000002,0.627,2169.0
496,0.09699999999999999,0.068,0.10800000000000001,0.233,0.494,2256.0
497,0.027000000000000003,0.07400000000000001,0.172,0.16,0.5670000000000001,2263.0
498,0.038,0.11800000000000001,0.10099999999999999,0.188,0.555,2308.0
499,0.05,0.14300000000000002,0.127,0.157,0.522,2311.0
500,0.059000000000000004,0.06,0.147,0.192,0.542,2323.0
501,0.106,0.071,0.192,0.145,0.485,2353.0
502,0.079,0.031,0.098,0.218,0.575,2409.0
503,0.059000000000000004,0.09300000000000001,0.11800000000000001,0.214,0.516,2416.0
504,0.053,0.15,0.095,0.163,0.5379999999999999,2423.0
505,0.1,0.083,0.124,0.22899999999999998,0.46399999999999997,2425.0
506,0.016,0.065,0.05,0.2,0.669,2435.0
507,0.068,0.059000000000000004,0.114,0.18,0.578,2477.0
508,0.057999999999999996,0.078,0.115,0.21600000000000003,0.534,2507.0
509,0.07,0.102,0.11699999999999999,0.214,0.49700000000000005,2602.0
510,0.198,0.069,0.081,0.242,0.41,2624.0
511,0.073,0.079,0.20199999999999999,0.135,0.51,2632.0
512,0.07200000000000001,0.038,0.179,0.20199999999999999,0.509,2704.0
513,0.087,0.11599999999999999,0.11599999999999999,0.31,0.37,2759.0
514,0.055,0.092,0.133,0.203,0.517,2767.0
515,0.055,0.055999999999999994,0.046,0.20199999999999999,0.6409999999999999,2799.0
516,0.168,0.08,0.08900000000000001,0.171,0.49200000000000005,2818.0
517,0.065,0.048,0.086,0.158,0.644,2819.0
518,0.051,0.076,0.214,0.22399999999999998,0.434,2829.0
519,0.126,0.069,0.182,0.201,0.42200000000000004,2833.0
520,0.156,0.075,0.134,0.20800000000000002,0.42700000000000005,2840.0
521,0.019,0.028999999999999998,0.03,0.16699999999999998,0.755,2845.0
522,0.026000000000000002,0.096,0.12,0.228,0.53,2855.0
523,0.066,0.08800000000000001,0.122,0.22699999999999998,0.496,2859.0
524,0.09699999999999999,0.069,0.179,0.226,0.429,2881.0
525,0.076,0.096,0.098,0.19899999999999998,0.531,2884.0
526,0.096,0.07,0.168,0.267,0.39899999999999997,2892.0
527,0.175,0.031,0.11900000000000001,0.17800000000000002,0.49700000000000005,2898.0
528,0.141,0.042,0.094,0.175,0.547,2907.0
529,0.04,0.077,0.188,0.14800000000000002,0.547,2912.0
530,0.065,0.11900000000000001,0.087,0.168,0.56,2929.0
531,0.16,0.1,0.114,0.20600000000000002,0.42100000000000004,2994.0
532,0.14400000000000002,0.16399999999999998,0.11699999999999999,0.21,0.366,3042.0
533,0.106,0.127,0.184,0.141,0.442,3050.0
534,0.061,0.10800000000000001,0.109,0.166,0.556,3057.0
535,0.095,0.065,0.14,0.226,0.474,3065.0
536,0.10400000000000001,0.07,0.053,0.157,0.617,3107.0
537,0.028999999999999998,0.139,0.14300000000000002,0.139,0.55,3129.0
538,0.019,0.064,0.10300000000000001,0.21,0.603,3141.0
539,0.135,0.078,0.162,0.23,0.395,3162.0
540,0.057,0.064,0.099,0.34700000000000003,0.433,3167.0
541,0.185,0.068,0.203,0.142,0.40299999999999997,3171.0
542,0.17300000000000001,0.017,0.083,0.157,0.569,3181.0
543,0.08,0.086,0.114,0.172,0.5479999999999999,3182.0
544,0.039,0.062,0.141,0.22399999999999998,0.534,3185.0
545,0.069,0.055999999999999994,0.083,0.187,0.605,3230.0
546,0.01,0.032,0.037000000000000005,0.122,0.799,1260.0
547,0.011000000000000001,0.012,0.027000000000000003,0.151,0.7979999999999999,1317.0
548,0.026000000000000002,0.013000000000000001,0.032,0.08,0.85,1501.0
549,0.0,0.021,0.046,0.10800000000000001,0.825,1511.0
550,0.034,0.016,0.025,0.122,0.8029999999999999,1884.0
551,0.11800000000000001,0.078,0.084,0.19399999999999998,0.526,3.0
552,0.094,0.21600000000000003,0.218,0.218,0.254,9.0
553,0.084,0.193,0.17600000000000002,0.195,0.35200000000000004,136.0
554,0.151,0.12,0.102,0.243,0.385,166.0
555,0.038,0.059000000000000004,0.15,0.152,0.601,186.0
556,0.095,0.19699999999999998,0.175,0.22899999999999998,0.304,219.0
557,0.155,0.107,0.102,0.13,0.506,224.0
558,0.057,0.038,0.038,0.5489999999999999,0.318,235.0
559,0.08800000000000001,0.11599999999999999,0.11900000000000001,0.24100000000000002,0.436,240.0
560,0.096,0.20199999999999999,0.188,0.247,0.268,241.0
561,0.045,0.171,0.061,0.185,0.537,256.0
562,0.107,0.213,0.159,0.222,0.298,341.0
563,0.18600000000000003,0.03,0.047,0.098,0.639,375.0
564,0.113,0.095,0.17,0.24,0.381,395.0
565,0.1,0.18100000000000002,0.191,0.20199999999999999,0.326,402.0
566,0.134,0.223,0.102,0.149,0.392,441.0
567,0.11900000000000001,0.228,0.196,0.239,0.218,550.0
568,0.037000000000000005,0.11199999999999999,0.127,0.25,0.475,581.0
569,0.069,0.028999999999999998,0.19899999999999998,0.244,0.45799999999999996,718.0
570,0.20600000000000002,0.044000000000000004,0.038,0.17300000000000001,0.539,896.0
571,0.131,0.11800000000000001,0.085,0.256,0.41,1004.0
572,0.111,0.20600000000000002,0.20199999999999999,0.247,0.233,1011.0
573,0.11900000000000001,0.136,0.111,0.198,0.436,1053.0
574,0.21100000000000002,0.20199999999999999,0.08900000000000001,0.153,0.345,1087.0
575,0.045,0.094,0.16399999999999998,0.275,0.423,1367.0
576,0.099,0.20800000000000002,0.192,0.249,0.252,1453.0
577,0.175,0.21899999999999997,0.096,0.16699999999999998,0.34299999999999997,1464.0
578,0.146,0.105,0.17,0.22,0.359,1573.0
579,0.002,0.012,0.066,0.32799999999999996,0.5920000000000001,1636.0
580,0.109,0.17300000000000001,0.231,0.125,0.36200000000000004,1677.0
581,0.027000000000000003,0.073,0.157,0.285,0.45899999999999996,1688.0
582,0.18,0.2,0.105,0.135,0.379,1705.0
583,0.10099999999999999,0.207,0.196,0.25,0.245,1801.0
584,0.134,0.21899999999999997,0.106,0.152,0.39,1981.0
585,0.009000000000000001,0.03,0.11699999999999999,0.326,0.517,2126.0
586,0.083,0.17300000000000001,0.153,0.185,0.406,2185.0
587,0.12300000000000001,0.13699999999999998,0.146,0.171,0.423,2232.0
588,0.081,0.19899999999999998,0.174,0.242,0.304,2261.0
589,0.078,0.205,0.152,0.185,0.381,2383.0
590,0.068,0.14400000000000002,0.299,0.147,0.342,2671.0
591,0.099,0.18899999999999997,0.19,0.25,0.272,2848.0
592,0.166,0.222,0.10099999999999999,0.177,0.335,2913.0
593,0.040999999999999995,0.11800000000000001,0.102,0.37799999999999995,0.361,3004.0
594,0.136,0.13,0.324,0.172,0.239,3097.0
595,0.18,0.092,0.18899999999999997,0.19,0.35,16.0
596,0.11,0.08199999999999999,0.14800000000000002,0.262,0.39799999999999996,40.0
597,0.07,0.055,0.10800000000000001,0.218,0.5489999999999999,239.0
598,0.025,0.006,0.065,0.244,0.66,246.0
599,0.18,0.099,0.136,0.2,0.385,299.0
600,0.012,0.019,0.156,0.20800000000000002,0.605,322.0
601,0.08199999999999999,0.06,0.21899999999999997,0.366,0.273,364.0
602,0.03,0.064,0.12,0.19,0.596,414.0
603,0.10300000000000001,0.08,0.19,0.187,0.441,439.0
604,0.0,0.067,0.08,0.192,0.6609999999999999,463.0
605,0.059000000000000004,0.057,0.091,0.19,0.603,523.0
606,0.127,0.08900000000000001,0.107,0.226,0.451,543.0
607,0.062,0.115,0.145,0.306,0.37200000000000005,566.0
608,0.102,0.063,0.083,0.166,0.5870000000000001,592.0
609,0.11199999999999999,0.055,0.201,0.221,0.41100000000000003,616.0
610,0.023,0.021,0.07200000000000001,0.162,0.722,649.0
611,0.146,0.196,0.047,0.21899999999999997,0.392,685.0
612,0.095,0.075,0.19399999999999998,0.212,0.424,710.0
613,0.006999999999999999,0.012,0.034,0.191,0.7559999999999999,762.0
614,0.035,0.106,0.073,0.28,0.507,761.0
615,0.048,0.061,0.105,0.191,0.594,831.0
616,0.01,0.01,0.055999999999999994,0.163,0.76,844.0
617,0.174,0.09,0.131,0.20800000000000002,0.39799999999999996,871.0
618,0.086,0.14800000000000002,0.233,0.306,0.228,877.0
619,0.07200000000000001,0.07200000000000001,0.214,0.23199999999999998,0.41,879.0
620,0.069,0.076,0.156,0.22899999999999998,0.47,941.0
621,0.011000000000000001,0.08199999999999999,0.16699999999999998,0.172,0.5670000000000001,971.0
622,0.099,0.166,0.11900000000000001,0.21100000000000002,0.405,989.0
623,0.016,0.03,0.311,0.19899999999999998,0.444,1019.0
624,0.201,0.06,0.128,0.23800000000000002,0.373,1031.0
625,0.136,0.028999999999999998,0.109,0.217,0.508,1146.0
626,0.055999999999999994,0.055999999999999994,0.105,0.183,0.599,1162.0
627,0.138,0.179,0.1,0.21,0.373,1189.0
628,0.147,0.154,0.125,0.163,0.41100000000000003,1210.0
629,0.163,0.07200000000000001,0.235,0.191,0.34,1226.0
630,0.096,0.044000000000000004,0.10099999999999999,0.155,0.604,1273.0
631,0.067,0.07200000000000001,0.061,0.203,0.597,1287.0
632,0.09699999999999999,0.168,0.069,0.242,0.424,1384.0
633,0.066,0.078,0.151,0.209,0.496,1419.0
634,0.099,0.135,0.131,0.254,0.38,1428.0
635,0.122,0.126,0.08,0.27899999999999997,0.39299999999999996,1433.0
636,0.07400000000000001,0.079,0.124,0.185,0.537,1465.0
637,0.034,0.10400000000000001,0.22,0.17800000000000002,0.465,1470.0
638,0.124,0.05,0.18899999999999997,0.141,0.496,1476.0
639,0.013000000000000001,0.026000000000000002,0.048,0.165,0.748,1507.0
640,0.044000000000000004,0.084,0.096,0.249,0.527,1508.0
641,0.001,0.009000000000000001,0.065,0.136,0.7879999999999999,1520.0
642,0.035,0.031,0.19399999999999998,0.24600000000000002,0.494,1567.0
643,0.02,0.018000000000000002,0.046,0.146,0.769,1608.0
644,0.018000000000000002,0.046,0.113,0.267,0.556,1585.0
645,0.19699999999999998,0.157,0.105,0.281,0.26,1654.0
646,0.013000000000000001,0.054000000000000006,0.057999999999999996,0.22399999999999998,0.65,1666.0
647,0.03,0.147,0.08,0.23399999999999999,0.51,1738.0
648,0.046,0.045,0.23,0.128,0.551,1746.0
649,0.040999999999999995,0.091,0.09699999999999999,0.182,0.59,1899.0
650,0.03,0.012,0.066,0.17600000000000002,0.716,1904.0
651,0.085,0.062,0.091,0.201,0.561,1911.0
652,0.016,0.062,0.08800000000000001,0.28600000000000003,0.5489999999999999,1790.0
653,0.015,0.05,0.147,0.22699999999999998,0.561,1793.0
654,0.035,0.045,0.083,0.18899999999999997,0.648,1809.0
655,0.1,0.09300000000000001,0.10099999999999999,0.302,0.40399999999999997,1838.0
656,0.048,0.083,0.133,0.198,0.5379999999999999,1856.0
657,0.23800000000000002,0.031,0.292,0.126,0.313,1875.0
658,0.09699999999999999,0.043,0.23199999999999998,0.256,0.373,1880.0
659,0.102,0.047,0.138,0.172,0.54,1935.0
660,0.039,0.066,0.11,0.215,0.5710000000000001,1949.0
661,0.003,0.04,0.11199999999999999,0.174,0.67,2008.0
662,0.018000000000000002,0.05,0.091,0.316,0.525,2025.0
663,0.05,0.062,0.177,0.17800000000000002,0.5329999999999999,2052.0
664,0.081,0.073,0.213,0.243,0.39,2072.0
665,0.053,0.045,0.129,0.184,0.589,2168.0
666,0.039,0.036000000000000004,0.096,0.251,0.5770000000000001,2276.0
667,0.055,0.092,0.10400000000000001,0.358,0.392,2281.0
668,0.003,0.052000000000000005,0.06,0.198,0.688,2304.0
669,0.138,0.079,0.218,0.205,0.36,2318.0
670,0.10400000000000001,0.054000000000000006,0.213,0.214,0.415,2366.0
671,0.11699999999999999,0.064,0.18899999999999997,0.225,0.405,2404.0
672,0.021,0.025,0.168,0.251,0.535,2413.0
673,0.008,0.032,0.11699999999999999,0.391,0.452,2437.0
674,0.111,0.151,0.107,0.3,0.331,2473.0
675,0.078,0.025,0.066,0.235,0.596,2504.0
676,0.032,0.027000000000000003,0.037000000000000005,0.138,0.767,2716.0
677,0.11699999999999999,0.106,0.111,0.204,0.462,2552.0
678,0.017,0.03,0.155,0.233,0.564,2583.0
679,0.132,0.1,0.152,0.198,0.41700000000000004,2605.0
680,0.113,0.057,0.14800000000000002,0.162,0.52,2614.0
681,0.07,0.047,0.168,0.245,0.469,2652.0
